a: 0.248178
b: 0.069807
c: 0.135243
d: 0.109391
e: 0.370529
f: 0.066143
g: 0.215277
h: 0.213219
i: 0.376103
k: 0.069807
l: 0.178104
m: 0.200551
n: 0.322946
o: 0.255397
p: 0.066143
r: 0.206955
s: 0.251810
t: 0.287349
u: 0.126915
v: 0.050692
w: 0.106345
y: 0.137961
